EST,Max TemperatureF,Mean TemperatureF,Min TemperatureF,Max Dew PointF,MeanDew PointF,Min DewpointF,Max Humidity, Mean Humidity, Min Humidity, Max Sea Level PressureIn, Mean Sea Level PressureIn, Min Sea Level PressureIn, Max VisibilityMiles, Mean VisibilityMiles, Min VisibilityMiles, Max Wind SpeedMPH, Mean Wind SpeedMPH, Max Gust SpeedMPH,PrecipitationIn, CloudCover, Events, WindDirDegrees
2014-1-5,39,35,31,38,29,15,100,75,49,30.25,30.09,29.70,10,4,1,12,2,14,0.58,8,Rain,95
2014-1-6,48,29,9,43,22,-15,100,65,30,30.11,29.72,29.53,10,8,0,18,10,29,0.01,5,Fog-Rain,247
2014-1-7,21,12,3,-4,-11,-14,51,38,25,30.44,30.33,30.13,10,10,10,15,6,20,0.00,0,,228
2014-1-8,34,22,9,11,2,-8,66,46,26,30.59,30.50,30.44,10,10,10,12,3,16,0.00,2,,208
2014-1-9,43,34,25,20,15,10,63,50,36,30.62,30.55,30.46,10,10,10,12,4,14,0.00,2,,41
2014-1-10,36,34,31,35,32,19,100,78,56,30.50,30.31,30.13,10,3,1,6,0,6,0.64,8,Rain,6
2014-1-11,53,44,35,50,40,33,100,77,54,30.11,29.77,29.47,10,4,0,18,5,23,0.67,7,Fog-Rain,190
2014-1-12,54,45,36,32,27,25,59,47,35,30.11,29.92,29.60,10,10,10,14,5,22,0.00,1,,258
2014-1-13,57,44,31,40,31,26,76,58,40,30.08,30.00,29.89,10,10,10,20,9,26,T,1,Rain,201
2014-1-14,50,42,33,46,42,33,93,82,71,29.92,29.81,29.72,10,9,3,18,6,25,0.10,6,Rain,186
2014-1-15,54,41,27,37,31,28,100,75,50,29.95,29.91,29.83,10,8,1,13,4,20,0.03,4,Rain-Snow,310
2014-1-16,40,35,29,32,25,11,96,63,30,30.02,29.95,29.88,10,7,1,9,3,14,0.01,5,Snow,111
2014-1-17,49,38,26,30,21,16,69,52,34,29.96,29.88,29.82,10,10,10,15,6,19,T,2,Rain,196
2014-1-18,38,31,24,30,10,5,70,51,32,29.98,29.92,29.81,10,10,10,16,7,25,0.00,1,,290
2014-1-19,47,34,21,23,18,11,62,49,36,29.94,29.84,29.77,10,10,10,18,7,32,0.00,2,,214
2014-1-20,59,47,35,25,21,16,64,44,23,29.84,29.74,29.66,10,10,10,21,10,27,0.00,0,,205
2014-1-21,36,28,20,29,23,14,92,78,64,29.86,29.78,29.68,10,4,1,24,8,33,0.04,7,Snow,30
2014-1-22,23,17,10,10,-5,-10,77,51,25,30.08,30.00,29.88,10,10,10,15,6,25,0.00,2,,338
2014-1-23,27,15,3,9,-2,-9,79,54,29,30.46,30.25,30.09,10,10,9,16,6,24,0.00,2,,284
2014-1-24,23,15,6,-1,-6,-11,49,39,28,30.56,30.39,30.09,10,10,10,17,8,24,0.00,0,,224
2014-1-25,34,26,17,25,9,-1,69,53,37,30.06,29.69,29.49,10,8,0,24,14,31,T,4,Fog-Snow,227
2014-1-26,36,27,17,8,2,-5,46,36,26,29.89,29.81,29.73,10,10,10,20,4,35,0.00,1,,234
2014-1-27,57,40,23,30,15,-8,61,42,23,30.17,29.84,29.69,10,10,10,16,9,25,0.00,0,,269
2014-1-28,23,18,12,7,-3,-13,76,52,27,30.41,30.29,30.19,10,8,2,15,6,22,T,7,Snow,34
2014-1-29,25,15,5,8,1,-7,91,59,27,30.35,30.26,30.20,10,9,2,12,2,13,T,2,Snow,171
2014-1-30,32,19,5,5,1,-2,83,54,25,30.46,30.35,30.19,10,10,10,12,4,15,0.00,0,,202
2014-1-31,54,37,20,13,7,2,59,36,12,30.22,30.15,30.09,10,10,10,10,5,13,0.00,0,,194
2014-2-1,56,41,26,20,15,11,57,38,19,30.28,30.16,30.00,10,10,10,15,4,19,0.00,0,,197
2014-2-2,67,52,36,44,32,19,57,45,32,30.01,29.97,29.92,10,10,10,13,6,20,0.00,2,,191
2014-2-3,53,44,35,43,36,31,100,73,46,30.32,30.07,29.96,10,7,2,20,8,26,1.34,7,Rain,42
2014-2-4,37,34,31,30,28,25,92,78,64,30.46,30.29,30.13,10,7,2,10,5,13,0.04,8,Rain,50
2014-2-5,56,44,32,42,31,20,92,67,41,30.14,29.93,29.69,10,5,1,14,7,25,0.18,6,Rain,292
2014-2-6,40,34,28,19,17,15,63,50,37,30.33,30.26,30.14,10,10,10,15,4,22,0.00,0,,23
2014-2-7,43,33,23,20,18,16,81,58,34,30.35,30.29,30.24,10,10,10,10,3,13,0.00,0,,195
2014-2-8,35,32,29,23,19,14,72,61,49,30.33,30.25,30.17,10,10,5,9,4,12,T,6,Snow,51
2014-2-9,41,36,30,29,25,21,78,66,54,30.19,30.08,29.97,10,8,4,12,4,14,0.00,7,,170
2014-2-10,40,31,22,25,18,13,85,66,47,30.32,30.18,30.03,10,9,5,12,5,14,0.00,2,,68
2014-2-11,34,26,18,11,9,8,67,51,35,30.46,30.39,30.31,10,10,10,9,4,12,0.00,2,,64
2014-2-12,24,20,15,21,12,6,91,69,46,30.50,30.33,30.06,10,5,0,20,7,24,0.16,3,Fog-Snow,38
2014-2-13,39,32,24,32,27,19,92,76,59,30.05,29.60,29.39,9,3,0,25,13,36,0.50,7,Fog-Snow,358
2014-2-14,53,43,32,21,18,14,56,39,22,29.71,29.60,29.49,10,10,9,21,8,29,0.00,0,Snow,224
2014-2-15,40,34,28,33,25,10,96,67,38,29.99,29.69,29.60,10,6,1,21,7,31,0.15,6,Rain-Snow,343
2014-2-16,41,33,25,23,15,10,55,45,35,30.20,30.03,29.95,10,10,10,14,5,25,0.00,4,,252
2014-2-17,36,30,23,24,15,9,60,46,32,30.42,30.29,30.19,10,8,1,16,5,20,T,2,Snow,73
2014-2-18,59,42,25,25,19,13,88,53,17,30.18,30.07,30.03,10,10,9,18,8,24,0.01,1,,219
2014-2-19,65,52,38,42,27,16,79,52,24,30.10,29.91,29.74,10,10,10,20,8,34,0.01,2,,224
2014-2-20,51,42,33,28,23,18,64,47,29,30.26,30.12,29.93,10,10,10,12,2,15,0.00,2,,225
2014-2-21,61,49,37,57,39,16,84,52,20,29.98,29.79,29.68,10,8,0,20,6,32,0.45,5,Fog-Rain,207
2014-2-22,63,50,37,23,18,14,41,28,14,30.12,30.06,30.01,10,10,10,15,7,19,0.00,0,,197
2014-2-23,68,52,36,30,25,20,59,37,15,30.03,29.93,29.83,10,10,10,18,8,24,0.00,2,,193
2014-2-24,51,41,31,32,12,0,62,37,12,30.14,30.02,29.91,10,10,10,21,6,33,0.00,1,,300
2014-2-25,44,36,28,24,17,6,75,52,28,30.11,30.04,29.94,10,10,3,14,3,16,T,4,Snow,8
2014-2-26,41,32,23,27,15,1,78,49,20,29.99,29.90,29.81,10,8,2,15,6,22,T,4,Snow,267
2014-2-27,46,32,17,12,3,-3,73,44,14,30.08,29.81,29.67,10,10,10,16,7,28,0.00,0,,295
2014-2-28,32,22,12,5,1,-2,59,44,28,30.40,30.31,30.12,10,10,10,15,4,18,0.00,0,,73
2014-3-1,49,32,15,22,12,5,73,48,23,30.36,30.27,30.17,10,10,10,12,4,14,0.00,4,,198
2014-3-2,64,50,35,50,35,21,96,66,36,30.15,30.01,29.91,10,6,2,18,8,22,0.24,5,Rain,95
2014-3-3,37,24,10,35,20,8,96,87,77,30.35,30.14,29.95,10,4,0,20,9,25,0.52,6,Fog-Rain-Snow,39
2014-3-4,31,16,1,12,6,-2,88,63,37,30.43,30.32,30.22,10,10,10,10,2,12,0.00,0,,47
2014-3-5,44,30,16,19,14,11,88,61,33,30.36,30.24,30.18,10,10,10,13,2,16,0.00,0,,48
2014-3-6,34,29,24,20,16,11,69,56,43,30.53,30.42,30.34,10,10,10,18,11,22,0.00,2,,38
2014-3-7,44,36,27,30,25,17,85,71,57,30.30,30.11,29.95,10,9,5,20,10,25,T,5,Rain-Snow,25
2014-3-8,65,45,25,35,29,23,92,60,28,29.99,29.93,29.88,10,10,10,12,5,20,0.00,0,,227
2014-3-9,60,51,41,35,27,21,61,42,23,30.06,29.99,29.91,10,10,10,13,4,22,0.00,2,,356
2014-3-10,66,50,34,28,25,22,64,42,20,30.00,29.82,29.68,10,10,10,21,7,25,0.00,0,,194
2014-3-11,75,63,51,38,33,27,50,36,21,29.74,29.67,29.60,10,10,10,12,4,18,0.00,0,,209
2014-3-12,65,50,34,58,41,17,84,63,42,29.61,29.35,29.09,10,10,4,30,11,48,0.06,4,Rain,228
2014-3-13,37,30,24,16,0,-8,50,28,17,30.19,29.93,29.58,10,10,10,20,10,32,0.00,1,,315
2014-3-14,62,44,25,19,13,4,50,34,17,30.23,30.10,29.93,10,10,10,25,13,34,0.00,2,,195
2014-3-15,68,55,41,30,23,18,49,33,16,30.04,29.91,29.84,10,10,10,14,8,22,0.00,1,,236
2014-3-16,50,39,28,32,28,21,100,67,34,30.15,30.07,30.02,10,5,0,20,10,24,0.18,5,Fog-Rain-Snow,40
2014-3-17,28,27,25,27,24,21,92,84,75,30.08,30.00,29.94,10,3,1,18,9,23,0.12,8,Snow,32
2014-3-18,39,33,27,28,25,22,100,77,54,30.23,30.14,30.06,10,8,2,15,7,20,0.00,8,,31
2014-3-19,42,38,33,42,35,27,100,85,70,30.22,30.08,29.86,10,4,1,13,4,16,0.06,8,Rain,184
2014-3-20,60,48,36,40,28,15,93,56,18,30.01,29.90,29.83,10,8,2,17,8,27,0.00,0,,268
2014-3-21,69,50,31,36,27,20,69,44,19,30.07,30.01,29.94,10,10,10,18,6,24,0.00,1,,180
2014-3-22,73,57,41,35,27,14,79,46,13,29.99,29.90,29.83,10,10,10,21,6,24,0.00,0,,247
2014-3-23,52,43,34,33,28,17,70,54,38,30.17,30.05,29.97,10,10,7,14,6,23,0.00,4,,51
2014-3-24,45,35,24,16,9,6,55,39,22,30.31,30.20,30.09,10,10,10,13,5,17,0.00,1,,9
2014-3-25,33,30,26,30,25,11,100,69,38,30.12,29.93,29.82,10,3,0,9,4,10,0.31,6,Fog-Snow,24
2014-3-26,38,32,25,25,10,5,85,57,29,30.32,30.14,29.93,10,10,10,16,8,28,T,1,,329
2014-3-27,53,37,20,22,17,9,77,52,26,30.44,30.33,30.19,10,10,10,23,10,29,0.00,1,,196
2014-3-28,66,55,44,52,43,21,86,62,37,30.17,30.09,30.02,10,10,7,23,13,34,0.03,5,Rain,199
2014-3-29,60,56,51,58,54,51,100,90,80,30.08,29.82,29.53,10,3,1,16,5,20,0.78,8,Rain,43
2014-3-30,51,45,38,51,36,22,93,64,34,29.87,29.68,29.50,10,9,3,23,12,34,0.19,6,Rain,326
2014-3-31,69,57,44,25,22,20,40,29,17,30.09,30.01,29.88,10,10,10,22,9,34,0.00,0,,336
2014-4-1,72,54,36,38,32,26,76,51,26,30.17,30.06,29.95,10,10,10,15,4,20,0.00,0,,211
2014-4-2,75,59,42,41,38,34,82,53,23,30.08,30.03,29.98,10,10,10,14,5,18,0.01,1,,62
2014-4-3,69,60,50,49,47,44,93,69,45,30.14,30.02,29.91,10,10,10,13,3,14,0.02,3,Rain,171
2014-4-4,65,57,49,51,48,42,83,74,65,29.89,29.81,29.68,10,10,4,13,5,20,T,4,Rain,39
2014-4-5,64,53,42,48,29,23,56,41,25,30.14,29.95,29.72,10,10,10,15,7,20,0.00,0,,318
2014-4-6,61,48,34,29,24,19,70,46,21,30.25,30.18,30.13,10,10,10,13,4,16,0.00,0,,89
2014-4-7,50,45,39,45,40,29,100,71,42,30.14,29.89,29.63,10,4,0,14,3,20,0.76,8,Fog-Rain,126
2014-4-8,66,55,44,52,43,34,100,69,37,29.71,29.58,29.49,10,8,2,17,9,27,0.00,4,,254
2014-4-9,66,54,41,38,33,31,76,53,30,30.07,29.84,29.69,10,10,10,15,4,24,0.00,3,,321
2014-4-10,72,55,38,35,32,29,70,45,20,30.22,30.11,30.04,10,10,10,23,9,30,0.00,0,,212
2014-4-11,81,68,55,52,39,33,72,46,20,30.08,30.01,29.91,10,10,10,23,9,28,T,2,Rain,201
2014-4-12,77,64,50,52,48,42,89,61,33,30.25,30.14,30.04,10,10,10,15,6,20,0.00,1,,137
2014-4-13,82,67,51,54,52,50,93,64,34,30.14,30.06,29.99,10,10,10,22,10,31,0.00,0,,192
2014-4-14,75,69,62,58,54,52,78,64,49,29.99,29.91,29.79,10,10,10,26,15,35,T,3,,196
2014-4-15,67,51,35,63,53,20,100,74,48,30.04,29.70,29.55,10,7,2,22,9,31,1.41,7,Rain,219
2014-4-16,50,41,31,20,17,14,53,39,24,30.52,30.36,30.09,10,10,10,17,8,24,0.00,0,,16
2014-4-17,58,43,28,32,26,20,78,54,30,30.62,30.55,30.48,10,10,10,12,4,17,0.00,0,,72
2014-4-18,58,47,36,38,35,32,85,64,43,30.53,30.41,30.27,10,10,7,10,3,14,0.00,3,,133
2014-4-19,66,54,41,41,39,37,89,63,37,30.29,30.24,30.20,10,10,10,18,6,25,0.00,0,,46
2014-4-20,66,56,45,36,32,29,61,46,31,30.39,30.31,30.27,10,10,10,15,7,21,0.00,0,,55
2014-4-21,73,54,34,34,29,23,89,53,16,30.26,30.08,29.88,10,10,10,9,3,14,0.00,0,,188
2014-4-22,76,63,50,53,43,29,67,49,31,29.86,29.69,29.59,10,10,10,14,6,19,0.01,3,Rain,238
2014-4-23,64,57,50,44,32,28,64,46,27,30.01,29.83,29.66,10,10,10,23,9,28,0.00,0,,338
2014-4-24,67,55,42,27,23,17,49,33,16,30.14,30.05,29.98,10,10,10,13,4,18,0.00,0,,103
2014-4-25,59,52,44,56,47,27,100,69,38,30.01,29.80,29.70,10,7,0,10,3,15,0.34,6,Fog-Rain-Thunderstorm,50
2014-4-26,78,63,47,46,40,35,66,45,23,29.90,29.83,29.78,10,10,10,15,6,21,0.00,2,,246
2014-4-27,74,62,49,46,40,36,66,51,35,30.08,29.99,29.89,10,10,10,15,5,18,0.00,0,,47
2014-4-28,60,54,48,50,46,38,96,71,46,30.08,30.03,29.97,10,5,2,9,4,12,0.25,8,Rain,86
2014-4-29,51,49,47,49,47,46,100,95,89,30.16,30.09,30.02,10,3,2,18,9,24,1.02,8,Rain,40
2014-4-30,59,54,49,58,53,48,100,97,93,30.12,29.97,29.84,10,4,1,13,4,17,2.01,8,Rain-Thunderstorm,46
2014-5-1,78,68,57,59,53,29,100,61,22,29.86,29.80,29.69,10,8,2,16,5,20,0.00,6,,233
2014-5-2,70,61,51,40,37,34,54,41,28,29.88,29.84,29.78,10,10,10,14,6,20,0.00,2,,253
2014-5-3,73,60,47,43,39,35,80,54,27,29.89,29.84,29.75,10,10,10,15,3,20,0.00,3,,297
2014-5-4,80,65,50,43,38,33,54,39,23,29.90,29.83,29.73,10,10,10,21,8,35,0.00,2,,266
2014-5-5,62,54,46,50,42,34,93,65,36,30.04,29.98,29.92,10,10,6,12,2,14,0.05,3,Rain,59
2014-5-6,76,63,49,56,51,49,100,71,41,30.03,29.95,29.89,10,10,10,9,3,12,0.00,1,,170
2014-5-7,76,66,56,55,51,46,93,65,36,30.17,30.12,30.05,10,10,10,14,6,16,0.00,5,,100
2014-5-8,89,74,58,61,55,53,84,56,28,30.14,30.07,29.98,10,10,10,17,5,22,0.00,3,,183
2014-5-9,87,72,57,64,59,53,87,61,34,30.09,30.01,29.93,10,10,10,23,6,33,T,1,Rain,185
2014-5-10,75,69,62,63,61,56,87,70,53,30.04,29.99,29.94,10,10,8,15,7,27,0.06,5,Rain,194
2014-5-11,82,70,57,59,55,52,90,62,34,30.14,30.08,30.00,10,10,10,14,3,17,0.00,1,,189
2014-5-12,86,72,57,66,62,55,93,71,48,30.13,30.10,30.08,10,10,10,14,4,17,T,2,Rain-Thunderstorm,219
2014-5-13,91,76,61,67,64,61,100,71,41,30.14,30.08,30.03,10,8,1,16,4,23,0.16,1,Rain-Thunderstorm,82
2014-5-14,68,66,63,65,63,62,100,94,87,30.21,30.16,30.10,10,4,0,10,5,12,T,7,Fog-Rain,56
2014-5-15,79,71,63,66,64,63,100,81,62,30.12,29.99,29.81,10,4,0,28,8,41,2.45,8,Fog-Rain-Thunderstorm,153
2014-5-16,71,63,54,66,56,43,100,71,42,29.96,29.83,29.78,10,6,1,13,4,17,1.54,6,Rain,226
2014-5-17,68,58,48,46,38,34,72,51,29,30.16,30.06,29.96,10,10,10,10,4,16,0.00,2,,251
2014-5-18,67,55,42,42,38,33,83,56,29,30.25,30.21,30.17,10,10,10,10,3,15,0.00,1,,20
2014-5-19,71,55,39,44,39,33,92,59,25,30.31,30.24,30.19,10,10,10,12,3,13,0.00,1,,202
2014-5-20,77,62,47,54,48,44,86,60,33,30.22,30.12,30.00,10,10,10,13,3,17,0.00,3,,196
2014-5-21,84,71,57,64,60,54,93,70,46,29.99,29.93,29.87,10,10,10,14,5,15,0.00,2,,221
2014-5-22,87,74,61,66,59,51,100,66,32,29.90,29.85,29.79,10,8,3,17,5,27,0.00,1,,279
2014-5-23,81,72,62,52,46,43,55,42,29,30.04,29.94,29.88,10,10,10,14,6,21,0.00,1,,346
2014-5-24,76,64,52,53,48,42,78,60,41,30.13,30.08,30.03,10,10,10,13,5,18,0.00,1,,359
2014-5-25,85,68,51,55,52,46,89,61,32,30.18,30.13,30.09,10,10,10,12,2,12,0.00,1,,231
2014-5-26,86,70,54,59,57,53,100,68,35,30.15,30.07,29.98,10,10,9,14,5,18,0.00,0,,206
2014-5-27,88,75,61,67,63,57,90,68,46,30.00,29.96,29.88,10,10,6,12,5,17,0.01,2,Rain-Thunderstorm,218
2014-5-28,89,78,66,67,64,59,100,72,43,30.00,29.93,29.88,10,9,1,31,4,47,0.42,3,Rain-Thunderstorm,190
2014-5-29,68,64,59,65,59,57,100,92,84,30.18,30.12,30.00,10,5,1,16,5,21,0.17,8,Rain,82
2014-5-30,68,63,57,61,59,58,100,88,76,30.15,30.11,30.08,10,6,1,13,4,15,0.00,7,,58
2014-5-31,78,65,52,58,53,49,100,68,36,30.25,30.16,30.12,10,7,1,13,4,16,0.00,1,,6
2014-6-1,75,63,50,54,52,49,96,71,46,30.36,30.30,30.24,10,10,10,14,5,19,0.00,1,,174
2014-6-2,81,67,53,59,54,47,84,63,42,30.28,30.18,30.07,10,10,10,15,7,19,0.00,0,,197
2014-6-3,83,73,62,67,63,58,90,73,55,30.06,29.97,29.88,10,10,10,9,4,12,T,2,,214
2014-6-4,88,77,65,68,63,57,100,68,36,29.89,29.79,29.70,10,8,0,24,4,35,1.10,5,Rain-Thunderstorm,230
2014-6-5,81,72,62,67,61,52,93,68,42,29.87,29.72,29.62,10,7,0,17,5,25,0.00,3,Fog,305
2014-6-6,81,67,53,56,53,47,93,63,33,30.00,29.93,29.88,10,10,9,9,2,13,0.00,0,,359
2014-6-7,83,69,54,59,56,53,100,73,45,30.05,29.99,29.94,10,10,10,8,2,17,0.00,0,,199
2014-6-8,82,71,59,67,63,58,97,78,58,29.97,29.89,29.82,10,10,10,17,7,23,T,5,Thunderstorm,188
2014-6-9,85,76,67,70,67,65,93,74,55,29.89,29.85,29.83,10,10,8,9,4,13,0.00,4,,182
2014-6-10,88,79,69,71,68,64,97,73,48,29.94,29.88,29.85,10,9,3,15,3,24,T,3,Thunderstorm,31
2014-6-11,86,77,67,71,67,65,100,83,65,29.99,29.94,29.85,10,9,3,30,5,42,0.53,5,Rain-Thunderstorm,86
2014-6-12,81,74,66,71,67,65,100,84,67,29.98,29.91,29.82,10,7,2,14,4,19,0.06,7,Rain-Thunderstorm,75
2014-6-13,85,75,64,70,66,62,100,79,58,29.88,29.82,29.75,10,7,0,14,3,24,0.55,6,Fog-Rain-Thunderstorm,223
2014-6-14,81,70,59,63,57,48,100,67,33,30.11,29.97,29.89,10,7,1,12,4,14,0.00,2,,341
2014-6-15,81,67,53,64,58,53,100,77,54,30.22,30.14,30.09,10,10,10,12,3,18,0.00,0,,213
2014-6-16,90,77,63,69,65,62,93,69,44,30.14,30.10,30.04,10,10,5,12,4,13,0.00,1,,198
2014-6-17,92,80,67,71,67,65,93,69,44,30.13,30.06,30.00,10,10,7,13,5,15,0.00,0,,197
2014-6-18,96,85,73,75,69,64,85,62,39,30.03,30.00,29.97,10,10,10,9,5,13,0.00,1,,202
2014-6-19,91,81,70,70,67,62,93,72,50,30.03,29.99,29.93,10,10,4,18,5,28,0.02,2,Rain-Thunderstorm,274
2014-6-20,83,74,65,69,66,63,100,78,55,30.08,30.01,29.93,10,7,0,9,4,13,0.09,5,Fog-Rain,79
2014-6-21,78,72,66,68,67,64,97,88,79,29.95,29.90,29.83,10,8,2,13,5,16,0.15,7,Rain,32
2014-6-22,78,72,65,65,63,61,100,78,56,30.01,29.94,29.88,10,8,3,12,4,14,0.01,6,Rain,43
2014-6-23,81,72,62,65,62,58,100,73,45,30.12,30.07,30.02,10,7,1,14,6,19,0.00,4,,172
2014-6-24,85,73,61,70,65,59,97,78,58,30.16,30.08,29.99,10,10,10,15,7,19,0.00,3,,181
2014-6-25,87,78,68,75,69,66,93,74,55,29.99,29.91,29.83,10,10,10,14,6,19,T,2,Rain-Thunderstorm,193
2014-6-26,89,79,68,70,66,63,97,70,43,30.02,29.96,29.88,10,8,1,13,4,16,0.34,2,Rain,322
2014-6-27,87,76,64,69,66,64,100,73,46,30.17,30.05,30.01,10,5,1,13,4,17,0.00,3,,93
2014-6-28,83,76,69,70,66,59,90,69,47,30.28,30.22,30.16,10,10,10,12,6,16,0.00,6,,100
2014-6-29,83,73,63,62,58,54,87,62,37,30.26,30.19,30.11,10,10,10,13,3,18,0.00,3,,181
2014-6-30,87,75,63,69,65,61,93,74,55,30.10,30.02,29.94,10,10,10,12,4,20,0.00,1,,183
2014-7-1,92,81,70,73,70,67,90,70,49,29.96,29.88,29.83,10,10,10,16,8,23,0.00,2,,193
2014-7-2,95,84,72,73,70,67,93,68,43,29.96,29.88,29.84,10,10,7,17,7,24,T,1,Thunderstorm,198
2014-7-3,88,79,69,74,70,67,97,79,61,29.98,29.95,29.91,10,9,0,24,4,36,1.29,4,Fog-Rain-Thunderstorm,198
2014-7-4,80,71,61,69,56,48,100,67,33,30.21,30.06,29.95,10,10,9,16,7,26,0.00,3,,346
2014-7-5,81,67,52,55,50,46,89,61,32,30.30,30.24,30.18,10,10,10,9,2,13,0.00,0,,252
2014-7-6,85,71,56,62,57,53,93,67,40,30.17,30.07,29.96,10,10,10,14,5,20,0.00,0,,218
2014-7-7,89,77,65,65,63,60,87,67,46,29.96,29.91,29.84,10,10,10,18,8,27,0.00,0,,202
2014-7-8,91,80,68,69,66,62,100,72,44,29.90,29.85,29.76,10,9,5,23,8,32,0.11,1,Rain-Thunderstorm,208
2014-7-9,85,77,68,71,69,66,97,78,59,29.98,29.90,29.84,10,10,10,14,5,21,0.01,2,Rain,208
2014-7-10,83,75,67,70,67,63,100,76,51,30.14,30.04,29.96,10,7,0,9,3,14,0.01,4,Fog-Rain,161
2014-7-11,85,74,63,68,65,63,100,76,51,30.21,30.16,30.12,10,7,0,9,3,13,0.00,2,Fog,68
2014-7-12,88,78,68,70,67,65,93,72,50,30.21,30.16,30.09,10,9,5,14,4,19,0.00,4,,195
2014-7-13,91,81,70,71,69,66,90,69,47,30.11,30.01,29.94,10,10,8,17,9,24,T,2,,196
2014-7-14,93,83,72,73,71,70,93,71,49,29.93,29.88,29.82,10,9,1,33,5,43,0.67,2,Rain-Thunderstorm,197
2014-7-15,86,78,70,72,69,65,100,78,55,29.84,29.79,29.72,10,7,0,12,3,15,0.04,3,Fog,223
2014-7-16,81,74,67,67,58,53,90,65,39,29.95,29.86,29.79,10,10,10,10,4,13,0.00,5,,6
2014-7-17,82,72,61,60,55,51,87,62,36,30.13,30.03,29.95,10,10,10,8,2,11,0.00,3,,25
2014-7-18,82,71,59,62,60,58,97,71,45,30.23,30.19,30.14,10,10,8,10,4,14,T,2,Rain,63
2014-7-19,79,71,63,65,62,56,100,73,45,30.21,30.17,30.12,10,8,2,9,3,12,0.07,6,Rain,36
2014-7-20,78,70,61,67,62,58,97,79,60,30.14,30.11,30.07,10,10,10,9,1,12,0.00,8,,1
2014-7-21,81,75,68,72,69,65,93,81,69,30.20,30.15,30.10,10,8,5,12,3,15,0.06,8,Rain-Thunderstorm,32
2014-7-22,85,79,72,71,70,69,93,77,61,30.20,30.13,30.06,10,9,5,10,4,14,0.00,6,,171
2014-7-23,93,81,69,74,70,68,100,74,47,30.06,29.93,29.83,10,8,0,18,4,26,0.29,4,Rain-Thunderstorm,247
2014-7-24,76,70,64,72,68,64,100,90,79,29.98,29.92,29.86,10,5,0,15,4,19,0.28,6,Fog-Rain-Thunderstorm,60
2014-7-25,82,71,59,64,61,57,100,76,51,30.10,30.02,29.99,10,4,0,12,3,15,0.00,3,Fog,127
2014-7-26,87,76,65,69,65,64,93,71,48,30.01,29.96,29.89,10,10,6,14,3,20,0.01,3,Rain,219
2014-7-27,83,76,68,72,69,67,97,81,65,29.93,29.83,29.68,10,9,4,15,7,20,0.21,4,Rain-Thunderstorm,213
2014-7-28,82,73,63,72,60,55,93,68,42,29.87,29.72,29.61,10,10,9,13,6,20,0.00,2,,275
2014-7-29,77,67,56,56,53,50,86,65,43,30.04,29.95,29.87,10,10,10,9,4,14,0.00,3,,341
2014-7-30,80,67,54,58,54,52,93,66,39,30.09,30.06,30.02,10,10,10,9,3,14,0.00,2,,234
2014-7-31,85,71,57,65,59,56,93,65,37,30.13,30.09,30.06,10,10,8,14,5,20,0.00,0,,203
2014-8-1,75,70,64,66,64,59,93,81,68,30.20,30.16,30.12,10,9,5,13,3,17,0.06,7,Rain,133
2014-8-2,76,69,62,65,62,60,93,79,64,30.16,30.12,30.07,10,9,6,10,3,14,T,7,,97
2014-8-3,84,75,66,66,64,62,93,72,51,30.10,30.05,30.01,10,10,5,13,4,15,0.00,3,,195
2014-8-4,86,74,62,65,63,59,93,68,43,30.12,30.08,30.04,10,8,1,9,3,12,0.00,2,,12
2014-8-5,89,76,62,67,63,56,100,67,34,30.07,30.01,29.96,10,10,7,12,2,14,0.00,2,,201
2014-8-6,86,75,64,67,64,59,93,68,43,29.96,29.94,29.90,10,8,6,14,3,19,0.00,2,,304
2014-8-7,85,74,62,65,62,56,100,69,37,30.07,29.99,29.94,10,8,3,13,4,18,0.00,2,,37
2014-8-8,83,72,60,65,60,56,97,70,42,30.14,30.09,30.06,10,10,6,13,2,17,0.00,4,,211
2014-8-9,78,70,62,66,63,61,100,82,64,30.15,30.11,30.08,10,8,1,10,4,14,0.00,5,,189
2014-8-10,83,72,60,66,62,59,100,74,47,30.16,30.12,30.08,10,6,1,12,2,16,0.00,4,,152
2014-8-11,73,69,64,66,63,55,93,75,57,30.12,30.07,30.00,10,8,2,9,3,15,0.19,7,Rain,54
2014-8-12,79,73,66,72,68,65,93,84,74,30.01,29.90,29.76,10,5,2,15,3,20,1.09,8,Rain,229
2014-8-13,82,71,60,67,61,52,93,69,45,29.95,29.84,29.77,10,8,1,14,5,20,0.00,4,Rain-Thunderstorm,329
2014-8-14,82,68,54,58,54,51,93,65,36,29.99,29.94,29.88,10,10,10,14,5,19,0.00,1,,271
2014-8-15,81,67,52,62,56,51,93,69,45,30.04,29.98,29.93,10,10,7,14,4,20,0.00,1,,179
2014-8-16,82,68,53,61,55,50,100,70,39,30.04,29.99,29.95,10,10,7,13,3,17,0.00,0,,208
2014-8-17,83,76,68,68,64,56,90,72,53,29.97,29.94,29.91,10,10,7,10,4,14,0.01,5,Rain,201
2014-8-18,79,73,67,70,68,65,100,85,69,29.93,29.86,29.79,10,7,3,8,3,10,T,5,Rain,24
2014-8-19,84,77,69,70,69,67,97,78,58,29.92,29.85,29.79,10,7,3,12,3,17,0.00,6,,31
2014-8-20,86,77,67,71,69,63,93,77,61,30.04,29.97,29.90,10,6,0,22,6,36,1.40,7,Fog-Rain-Thunderstorm,187
2014-8-21,85,75,64,72,67,63,100,80,59,30.09,30.02,29.98,10,5,0,9,3,13,T,4,Fog,196
2014-8-22,81,75,68,71,69,66,90,80,69,30.01,29.98,29.95,10,9,2,9,3,21,0.41,5,Rain,45
2014-8-23,76,71,66,71,69,65,100,94,87,30.08,30.00,29.96,10,5,1,17,5,22,1.12,8,Rain,85
2014-8-24,76,70,63,66,64,61,93,79,64,30.16,30.11,30.08,10,7,2,13,5,17,0.05,8,Rain,35
2014-8-25,79,68,56,62,58,56,100,74,48,30.19,30.15,30.13,10,6,0,13,4,18,0.00,0,Fog,49
2014-8-26,83,69,55,63,59,55,100,74,47,30.19,30.15,30.10,10,9,2,9,2,13,0.00,0,,16
2014-8-27,86,71,56,68,62,56,100,74,47,30.10,30.03,29.94,10,9,2,6,1,9,0.00,0,,247
2014-8-28,88,78,68,69,64,57,97,70,43,30.07,29.97,29.91,10,10,9,13,5,18,0.00,0,,23
2014-8-29,80,70,59,64,57,52,87,68,48,30.20,30.15,30.09,10,10,10,9,4,13,0.00,1,,48
2014-8-30,84,76,67,73,67,62,94,82,69,30.22,30.17,30.09,10,10,6,12,4,15,T,6,,166
2014-8-31,91,81,71,73,71,69,100,76,52,30.14,30.07,29.99,10,9,4,17,7,22,T,1,Rain-Thunderstorm,198
2014-9-1,91,82,72,73,70,68,93,72,50,30.06,30.00,29.94,10,9,2,13,4,16,0.14,3,Rain-Thunderstorm,201
2014-9-2,93,82,71,72,68,66,87,66,44,29.99,29.94,29.86,10,10,10,14,5,17,T,1,Rain-Thunderstorm,213
2014-9-3,86,78,69,70,68,65,97,74,51,30.12,30.03,29.89,10,10,10,12,4,16,0.05,2,Rain,165
2014-9-4,86,78,70,74,71,69,93,79,65,30.18,30.14,30.08,10,6,0,12,4,14,0.05,5,Fog-Rain,115
2014-9-5,91,80,69,71,70,68,100,75,50,30.18,30.11,30.04,10,8,2,14,6,17,0.00,1,,191
2014-9-6,91,81,71,72,69,66,93,72,50,30.04,29.96,29.87,10,10,7,15,4,21,0.00,1,,226
2014-9-7,79,71,62,67,59,54,90,70,50,30.15,30.07,29.96,10,10,10,16,6,20,0.00,4,,41
2014-9-8,72,67,61,64,59,55,90,79,68,30.22,30.19,30.15,10,10,9,15,6,19,0.03,7,Rain,37
2014-9-9,74,69,64,65,62,57,87,80,73,30.19,30.15,30.10,10,8,2,9,5,,T,8,Rain,20
2014-9-10,80,74,67,66,63,37,90,74,58,30.15,30.07,29.99,10,10,10,14,4,16,0.00,5,,192
2014-9-11,89,78,67,72,67,65,100,75,50,29.99,29.93,29.87,10,9,6,15,7,18,0.00,3,,201
2014-9-12,77,71,64,70,59,56,87,71,54,30.14,30.09,29.97,10,10,10,12,6,15,0.00,6,,53
2014-9-13,75,66,56,64,58,51,87,75,63,30.23,30.13,30.08,10,10,7,12,4,17,0.01,7,Rain,23
2014-9-14,69,60,50,55,50,46,93,73,52,30.33,30.26,30.21,10,10,10,12,3,14,0.00,5,,202
2014-9-15,75,63,51,61,56,50,100,77,53,30.25,30.16,30.03,10,9,2,12,4,15,0.00,5,,162
2014-9-16,80,70,59,63,59,52,100,73,45,30.04,30.01,29.97,10,8,0,12,4,17,0.00,4,Fog,332
2014-9-17,75,65,55,56,52,49,93,69,44,30.06,30.01,29.94,10,10,10,10,2,13,0.00,4,,36
2014-9-18,77,65,53,62,57,52,93,75,57,30.09,30.00,29.96,10,10,8,8,2,12,T,6,,234
2014-9-19,70,65,60,60,57,54,97,82,66,30.27,30.22,30.10,10,10,7,13,4,17,0.00,8,,40
2014-9-20,80,69,57,60,57,54,100,70,39,30.26,30.18,30.04,10,7,0,10,2,14,0.00,2,Fog-Rain,192
2014-9-21,87,71,54,63,58,53,93,67,40,29.99,29.81,29.66,10,8,2,14,5,19,T,1,,258
2014-9-22,75,65,54,50,47,44,77,55,33,30.21,30.02,29.81,10,10,10,14,5,21,0.00,0,,331
2014-9-23,69,58,46,48,44,41,86,61,36,30.37,30.32,30.21,10,10,10,13,3,15,0.00,0,,24
2014-9-24,65,57,49,59,53,47,97,79,60,30.45,30.40,30.33,10,9,4,17,7,25,0.45,6,Rain,21
2014-9-25,73,67,60,62,60,58,97,83,68,30.34,30.28,30.21,10,7,1,15,7,19,0.06,8,Rain,15
2014-9-26,78,67,56,61,58,54,93,68,43,30.27,30.23,30.17,10,9,2,13,4,16,T,4,Rain,39
2014-9-27,79,65,50,57,53,49,93,66,39,30.26,30.22,30.17,10,7,1,10,2,13,0.00,0,,295
2014-9-28,78,64,49,60,55,48,100,74,48,30.21,30.15,30.06,10,9,2,9,2,12,0.00,0,,212
2014-9-29,71,65,59,65,62,58,100,90,79,30.04,29.98,29.94,10,8,0,7,3,8,0.07,4,Fog-Rain,204
2014-9-30,71,66,61,63,62,61,100,87,73,29.96,29.92,29.87,10,4,0,8,2,11,0.00,7,Fog,159
2014-10-1,75,68,61,63,62,60,93,79,64,30.07,29.98,29.89,10,5,0,8,3,11,0.03,8,Fog-Rain,35
2014-10-2,78,69,59,63,61,59,100,80,60,30.14,30.09,29.95,10,5,0,9,3,17,0.00,6,Fog,111
2014-10-3,73,68,62,66,63,59,100,87,73,30.09,29.91,29.69,10,5,1,12,4,14,0.44,8,Rain,163
2014-10-4,67,55,43,64,48,27,100,64,28,29.84,29.69,29.62,10,8,1,15,5,23,T,4,Rain,233
2014-10-5,63,50,37,41,35,32,85,60,34,29.97,29.90,29.83,10,10,10,17,7,23,0.00,0,,196
2014-10-6,73,57,41,51,45,39,89,65,40,30.02,29.97,29.92,10,10,10,23,8,30,T,2,Rain,190
2014-10-7,71,63,55,59,55,51,93,77,61,30.06,29.98,29.91,10,8,1,18,7,24,0.81,6,Rain-Thunderstorm,201
2014-10-8,77,66,55,59,50,39,93,60,27,30.04,29.93,29.88,10,9,2,14,5,21,0.01,1,Rain,234
2014-10-9,75,60,45,55,48,43,93,64,35,30.14,30.07,30.04,10,10,10,13,3,17,0.00,2,,202
2014-10-10,62,59,55,55,53,50,93,83,72,30.11,30.07,30.04,10,9,5,9,4,11,0.09,7,Rain,24
2014-10-11,59,56,53,54,53,52,100,93,86,30.16,30.04,29.97,10,6,2,12,5,14,0.18,8,Rain,41
2014-10-12,57,55,52,52,51,48,96,87,77,30.29,30.25,30.16,10,6,2,12,3,15,0.05,7,Rain,48
2014-10-13,63,59,54,60,56,52,100,95,90,30.28,30.24,30.18,7,2,1,5,0,7,0.03,8,Rain,275
2014-10-14,76,68,59,69,64,57,100,87,74,30.19,30.06,29.90,10,5,0,21,9,32,0.24,8,Fog-Rain,183
2014-10-15,73,63,53,68,61,53,100,92,84,29.91,29.83,29.76,10,6,1,22,6,33,1.77,6,Rain-Thunderstorm,191
2014-10-16,68,59,50,57,53,50,100,80,59,29.78,29.74,29.71,10,4,0,10,2,12,0.00,6,Fog,183
2014-10-17,72,62,51,52,50,47,89,69,49,29.84,29.76,29.70,10,10,10,18,6,23,0.00,1,,200
2014-10-18,69,60,50,52,45,37,89,65,40,29.91,29.75,29.65,10,10,10,15,7,22,0.00,3,,297
2014-10-19,64,52,40,38,34,28,71,49,27,30.12,30.03,29.91,10,10,10,14,5,22,0.00,1,,335
2014-10-20,68,52,36,51,42,34,92,70,48,30.11,30.02,29.92,10,10,10,17,6,22,0.02,1,Rain,200
2014-10-21,72,60,48,50,47,43,83,60,37,29.92,29.86,29.78,10,10,10,13,3,20,0.01,5,Rain,307
2014-10-22,60,55,50,45,44,39,77,66,55,30.00,29.96,29.89,10,10,4,20,10,30,0.04,6,Rain,338
2014-10-23,66,59,51,43,41,38,63,53,42,29.98,29.95,29.90,10,10,10,18,10,27,0.00,0,,320
2014-10-24,70,57,43,42,40,35,83,57,30,30.01,29.97,29.92,10,10,8,12,4,16,0.00,0,,286
2014-10-25,72,56,39,46,39,33,83,55,27,29.99,29.89,29.74,10,10,10,15,6,19,0.00,0,,221
2014-10-26,73,61,48,47,27,15,60,36,11,29.95,29.82,29.72,10,10,10,13,5,22,0.00,0,,288
2014-10-27,74,57,39,43,32,19,70,46,22,30.09,30.03,29.95,10,10,10,14,5,17,0.00,0,,196
2014-10-28,84,67,50,55,49,43,77,54,31,30.06,30.00,29.94,10,10,10,20,8,25,0.00,0,,201
2014-10-29,65,56,46,57,54,48,100,84,67,30.01,29.95,29.90,10,8,0,10,3,13,0.01,4,Fog,254
2014-10-30,58,48,38,45,39,33,100,70,40,30.08,30.03,30.00,10,6,0,15,4,19,0.00,2,Fog,334
2014-10-31,56,46,35,39,36,33,92,68,43,30.04,29.92,29.82,10,10,10,7,3,10,T,7,Rain,27
2014-11-1,50,46,42,39,36,29,82,68,53,29.95,29.84,29.77,10,10,10,25,9,45,T,7,Rain,347
2014-11-2,51,45,38,26,22,17,54,41,27,30.26,30.13,29.97,10,10,10,22,11,35,0.00,3,,330
2014-11-3,66,52,38,27,20,12,48,31,13,30.34,30.27,30.22,10,10,10,14,6,17,0.00,0,,203
2014-11-4,73,59,44,37,31,26,58,38,17,30.24,30.17,30.09,10,10,10,16,7,21,0.00,2,,201
2014-11-5,70,61,51,47,39,33,67,47,26,30.19,30.14,30.09,10,10,10,14,5,18,T,4,Rain,182
2014-11-6,70,60,50,54,48,35,100,71,42,30.06,29.87,29.66,10,6,0,21,6,33,0.17,6,Fog-Rain,224
2014-11-7,58,47,35,35,28,22,56,43,30,30.10,29.94,29.81,10,10,10,17,6,28,0.00,2,,317
2014-11-8,52,40,27,34,27,23,78,59,39,30.09,30.00,29.92,10,10,10,17,6,23,0.00,0,,207
2014-11-9,60,47,34,37,34,33,85,61,36,30.04,29.96,29.91,10,10,10,12,2,15,0.00,0,,190
2014-11-10,64,48,32,41,37,30,96,70,43,30.15,30.10,30.04,10,10,5,14,4,17,0.00,0,,175
2014-11-11,70,52,34,50,43,34,100,70,40,30.08,29.99,29.90,10,9,6,13,3,16,0.00,0,,206
2014-11-12,70,56,41,48,40,30,100,63,26,30.10,29.96,29.86,10,10,10,17,6,26,0.00,0,,5
2014-11-13,44,41,37,35,31,28,65,61,57,30.15,30.09,30.04,10,10,8,10,4,13,T,8,Rain,36
2014-11-14,41,35,28,25,14,11,59,45,30,30.32,30.20,30.08,10,10,10,15,7,22,0.00,2,,331
2014-11-15,44,33,22,17,13,10,63,44,25,30.43,30.37,30.34,10,10,10,9,3,13,0.00,0,,214
2014-11-16,45,39,32,36,25,17,85,61,37,30.35,30.24,30.04,10,10,7,12,4,17,0.01,8,Rain,196
2014-11-17,51,44,37,45,37,20,100,74,48,30.00,29.74,29.55,10,7,1,15,6,22,0.55,7,Rain,211
2014-11-18,37,30,22,16,4,-1,50,38,26,30.28,30.09,29.84,10,10,10,20,9,29,0.00,0,,302
2014-11-19,37,27,16,14,8,3,61,45,29,30.35,30.23,30.07,10,10,10,16,9,24,0.00,0,,202
2014-11-20,54,41,28,23,15,9,53,38,22,30.11,30.00,29.91,10,10,10,16,9,28,0.00,0,,204
2014-11-21,40,32,23,11,7,3,50,36,22,30.56,30.41,30.13,10,10,10,16,5,20,0.00,0,,314
2014-11-22,51,35,18,19,14,10,68,45,22,30.55,30.41,30.26,10,10,10,16,7,21,0.00,0,,204
2014-11-23,56,45,33,48,36,19,93,64,35,30.24,30.01,29.72,10,6,1,12,6,13,0.83,6,Rain,199
2014-11-24,71,60,49,56,52,48,100,77,53,29.80,29.69,29.63,10,9,2,26,12,35,0.17,4,Rain,208
2014-11-25,63,55,46,52,34,24,80,55,30,30.13,30.00,29.80,10,10,10,10,3,14,0.00,0,,271
2014-11-26,46,40,33,42,35,32,100,80,60,30.13,30.00,29.93,10,4,1,18,4,24,1.06,8,Rain-Snow,356
2014-11-27,46,39,32,38,31,21,100,75,49,30.21,30.04,29.99,10,5,0,10,3,18,0.00,6,Fog,330
2014-11-28,39,34,28,20,17,14,69,53,37,30.34,30.28,30.20,10,10,10,13,4,20,0.00,2,,295
2014-11-29,42,34,26,29,23,19,78,62,45,30.31,30.25,30.15,10,10,10,10,3,13,0.00,3,,186
2014-11-30,66,50,33,42,36,28,82,61,39,30.17,30.13,30.06,10,10,10,20,10,30,0.00,3,,201
2014-12-1,74,60,45,51,45,34,86,65,44,30.44,30.25,30.16,10,10,10,17,7,21,T,5,Rain,173
2014-12-2,45,41,36,35,34,33,100,85,70,30.54,30.44,30.31,10,5,2,13,6,17,0.39,8,Rain,55
2014-12-3,56,46,36,47,39,25,100,71,42,30.29,30.17,30.06,10,6,2,14,7,19,0.03,5,Rain,209
2014-12-4,45,39,32,36,29,22,92,66,40,30.47,30.41,30.30,10,10,6,7,2,10,0.08,3,Rain,179
2014-12-5,41,39,37,39,36,35,92,86,79,30.52,30.45,30.32,10,5,1,6,1,6,0.04,8,Rain,163
2014-12-6,50,46,41,48,44,39,100,90,80,30.31,30.13,30.01,10,5,1,13,6,19,0.45,7,Rain,217
2014-12-7,48,41,33,38,22,14,83,57,31,30.53,30.43,30.25,10,10,10,23,9,31,0.00,0,,17
2014-12-8,39,35,31,32,24,13,96,70,43,30.55,30.39,30.20,10,8,2,14,7,16,0.34,7,Rain,26
2014-12-9,49,41,33,39,34,31,100,79,58,30.20,30.01,29.89,10,6,2,15,5,23,0.13,7,Rain,327
2014-12-10,48,42,35,31,27,20,62,52,42,29.91,29.89,29.86,10,10,10,20,9,27,0.00,3,,321
2014-12-11,46,38,30,18,10,1,58,37,16,30.05,29.95,29.88,10,10,10,17,7,28,0.00,0,,299
2014-12-12,54,44,33,22,17,8,56,40,24,30.13,30.08,30.03,10,10,10,14,4,23,0.00,1,,291
2014-12-13,55,42,28,29,25,21,75,54,32,30.11,30.05,29.99,10,10,10,8,2,11,0.00,0,,225
2014-12-14,61,48,34,34,31,24,76,56,36,30.04,29.99,29.94,10,10,10,10,5,20,0.00,0,,274
2014-12-15,56,44,32,37,35,30,89,68,47,30.13,30.06,30.03,10,10,10,10,4,13,0.00,0,,197
2014-12-16,46,39,31,43,39,31,100,90,79,30.02,29.92,29.85,10,4,1,9,3,10,0.26,5,Rain,191
2014-12-17,56,46,35,38,31,22,83,58,32,30.06,29.99,29.92,10,10,10,15,5,17,0.00,2,,241
2014-12-18,45,36,26,24,21,20,75,57,39,30.18,30.11,30.07,10,10,10,10,4,14,0.00,2,,90
2014-12-19,45,36,26,25,23,21,81,61,41,30.24,30.16,30.10,10,10,10,10,3,14,0.00,1,,353
2014-12-20,38,31,24,25,23,21,88,74,59,30.31,30.27,30.23,10,10,10,8,3,12,0.00,5,,175
2014-12-21,44,38,32,27,26,25,78,64,49,30.35,30.30,30.25,10,10,9,7,2,9,0.00,5,,36
2014-12-22,35,34,32,34,30,25,100,85,69,30.30,30.19,30.09,10,3,1,10,4,13,0.19,8,Rain,31
2014-12-23,44,40,35,43,40,34,100,95,89,30.08,30.04,30.01,8,2,0,6,1,7,0.41,8,Fog-Rain,106
2014-12-24,55,49,43,53,45,42,100,96,92,30.00,29.80,29.55,10,3,1,18,5,24,0.36,8,Rain,155
2014-12-25,58,47,36,54,32,28,93,64,35,30.22,29.95,29.61,10,10,10,17,5,29,T,2,,281
2014-12-26,52,39,26,32,29,26,92,67,41,30.34,30.27,30.22,10,10,10,8,2,9,0.00,0,,206
2014-12-27,66,49,31,35,31,21,92,56,19,30.27,30.20,30.06,10,10,10,9,2,11,0.00,0,,235
2014-12-28,57,52,47,46,41,35,93,72,51,30.08,29.98,29.92,10,10,6,15,7,18,0.05,5,Rain,174
2014-12-29,47,42,37,44,37,30,93,82,70,30.25,30.16,30.07,10,8,4,16,4,20,0.06,8,Rain,52
2014-12-30,42,34,25,35,20,13,92,63,34,30.43,30.36,30.26,10,10,8,10,4,13,T,3,Snow,40
2014-12-31,40,32,24,19,11,5,81,52,23,30.44,30.35,30.25,10,10,10,13,4,17,0.00,0,,236
2015-1-1,48,36,24,23,17,8,62,45,28,30.24,30.16,30.08,10,10,10,20,10,28,0.00,0,,200
2015-1-2,49,44,38,29,23,16,59,48,36,30.40,30.27,30.10,10,10,10,15,4,20,0.00,2,,183
2015-1-3,40,38,36,38,35,25,92,73,54,30.48,30.31,30.10,10,4,1,12,3,13,0.24,8,Rain,19
2015-1-4,62,51,39,55,43,28,100,73,45,30.10,29.96,29.76,10,7,0,23,11,36,0.04,6,Fog-Rain,203
2015-1-5,48,38,27,27,12,0,49,35,20,30.43,30.28,30.04,10,10,10,18,6,26,0.00,0,,301
2015-1-6,40,32,24,18,13,8,74,55,35,30.38,30.21,30.07,10,10,10,15,5,23,0.00,4,,330
2015-1-7,30,21,12,14,2,-11,55,42,29,30.50,30.21,30.01,10,10,10,21,10,29,0.00,4,,303
2015-1-8,25,16,6,-2,-8,-12,55,39,22,30.59,30.46,30.21,10,10,10,21,10,26,0.00,0,,223
2015-1-9,40,31,21,7,3,-1,39,31,23,30.29,30.13,30.04,10,10,10,24,10,30,0.00,2,,222
2015-1-10,32,24,16,4,-1,-6,47,34,21,30.59,30.51,30.32,10,10,10,10,4,14,0.00,0,,241
2015-1-11,42,26,10,18,8,1,76,51,25,30.65,30.57,30.48,10,10,10,10,2,12,T,3,Rain,199
2015-1-12,41,37,32,39,35,23,100,91,82,30.48,30.23,30.07,10,3,0,10,2,12,0.39,8,Fog-Rain,125
2015-1-13,39,33,26,37,22,10,92,68,44,30.52,30.44,30.25,10,10,6,17,10,21,0.00,6,,43
2015-1-14,34,28,22,26,21,11,88,69,50,30.47,30.31,30.20,10,8,2,10,4,13,0.02,8,Snow,37
2015-1-15,38,32,25,28,26,23,92,78,64,30.21,30.13,30.00,10,9,4,12,4,15,0.00,5,,194
2015-1-16,50,40,30,25,23,22,72,53,34,30.22,30.05,29.96,10,10,10,12,4,21,0.00,1,,283
2015-1-17,43,34,25,25,21,17,75,59,43,30.40,30.28,30.16,10,10,10,15,6,18,0.00,0,,148
2015-1-18,55,42,28,35,28,24,85,59,32,30.14,29.91,29.74,10,10,10,14,4,23,0.00,3,,200
2015-1-19,54,44,34,29,23,18,60,43,26,30.01,29.94,29.87,10,10,10,13,5,20,0.00,2,,333
2015-1-20,55,41,27,30,25,21,78,57,35,30.04,29.94,29.87,10,10,10,14,3,17,0.00,2,,19
2015-1-21,43,35,27,30,28,26,92,75,57,30.15,30.10,30.04,10,8,2,8,2,9,T,3,Snow,6
2015-1-22,51,38,24,30,24,21,92,63,33,30.38,30.26,30.15,10,7,2,16,3,16,0.00,2,,354
2015-1-23,39,33,26,32,28,22,96,78,59,30.38,30.15,29.84,10,6,1,13,4,15,0.72,5,Rain,190
2015-1-24,46,39,32,37,31,21,100,72,43,29.83,29.63,29.50,10,5,1,12,4,17,0.08,7,Rain,323
2015-1-25,49,41,32,33,29,24,79,67,54,29.86,29.81,29.72,10,10,10,12,5,15,0.00,2,,187
2015-1-26,39,35,31,35,33,28,96,89,82,29.77,29.71,29.66,10,5,2,15,7,17,0.21,8,Rain-Snow,36
2015-1-27,36,33,29,28,20,14,92,72,52,29.99,29.83,29.72,10,10,8,14,7,21,T,7,,332
2015-1-28,42,33,23,13,4,-3,53,35,17,30.34,30.20,30.02,10,10,10,15,7,21,0.00,1,,323
2015-1-29,42,31,19,24,15,3,68,47,25,30.34,30.17,29.92,10,10,9,17,7,23,T,4,Rain,193
2015-1-30,44,34,24,27,15,4,64,47,29,30.27,30.08,29.90,10,10,10,22,8,32,T,5,,309
2015-1-31,43,32,20,10,2,-2,50,33,16,30.34,30.28,30.23,10,10,10,15,3,21,0.00,0,,319
2015-2-1,43,35,27,31,15,10,82,56,29,30.28,30.12,29.78,10,10,10,10,2,14,0.04,6,Rain,25
2015-2-2,52,39,25,47,29,7,100,68,35,30.12,29.64,29.42,10,8,2,24,9,42,0.05,5,Rain,249
2015-2-3,40,32,23,10,6,3,51,38,26,30.37,30.27,30.14,10,10,10,10,4,15,0.00,1,,228
2015-2-4,57,39,21,24,19,12,68,46,24,30.26,30.10,29.93,10,10,10,20,10,25,0.00,0,,198
2015-2-5,43,31,18,26,8,-6,55,39,22,30.33,30.11,29.86,10,10,10,22,9,32,0.00,1,,336
2015-2-6,43,28,12,5,1,-5,58,36,13,30.34,30.26,30.18,10,10,10,15,8,20,0.00,1,,195
